0000000000000000000000000000000000000011111044444000000000000000000000000000000000000000000000000000000000000
0000000000000000000000000000000000000011111044444000000000000000000000000000000000000000000000000000000000000
0000000000000000000000000000000000000011111044444000000000000000000000000000000000000000000000000000000000000
0000000000000000000000000000000000000011111044444000000000000000000000000000000000000000000000000000000000000
0000000000000000000000000000000000000011111044444000000000000000000000000000000000000000000000000000000000000
0000000000000000000000000000000000000011111044444000000000000000000000000000000000000000000000000000000000000
0000000000000000000000000000000000000011111044444000000000000000000000000000000000000000000000000000000000000
0000000000000000000000000000000000000011111044444000000000000000000000000000000000000000000000000000000000000
0000000000000000000000000000000000000011111044444000000000000000000000000000000000000000000000000000000000000
0000000000000000000000000000000000000011111044444000000000000000000000000000000000000000000000000000000000000
0000000000000000000000000000000000000011111044444000000000000000000000000000000000000000000000000000000000000
0000000000000000000000000000000000000011111044444000000000000000000000000000000000000000000000000000000000000
0000000000000000000000000000000000000011111044444000000000000000000000000000000000000000000000000000000000000
0000000000000000000000000000000000000011111044444000000000000000000000000000000000000000000000000000000000000
0000000000000000000000000000000000000011111044444000000000000000000000000000000000000000000000000000000000000
0000000000000000000000000000000000000011111044444000000000000000000000000000000000000000000000000000000000000
0000000000000000000000000000000000000011111044444000000000000000000000000000000000000000000000000000000000000
0000000000000000000000000000000000000011111044444000000000000000000000000000000000000000000000000000000000000
0000000000000000000000000000000000000011111044444000000000000000000000000000000000000000000000000000000000000
0000000000000000000000000000000000000011111044444000000000000000000000000000000000000000000000000000000000000
0000000000000000000000000000000000000011111044444000000000000000000000000000000000000000000000000000000000000
0000000000000000000000000000000000000011111044444000000000000000000000000000000000000000000000000000000000000
0000000000000000000000000000000000000011111044444000000000000000000000000000000000000000000000000000000000000
0000000000000000000000000000000000000011111044444000000000000000000000000000000000000000000000000000000000000
0000000000000000000000000000000000000011111044444000000000000000000000000000000000000000000000000000000000000
0000000000000000000000000000000000000011111044444000000000000000000000000000000000000000000000000000000000000
0000000000000000000000000000000000000011111044444000000000000000000000000000000000000000000000000000000000000
0000000000000000000000000000000000000011111044444000000000000000000000000000000000000000000000000000000000000
0000000000000000000000000000000000000011111044444000000000000000000000000000000000000000000000000000000000000
0000000000000000000000000000000000000011111044444000000000000000000000000000000000000000000000000000000000000
