0000000000 11 0000 44‗‗‗00000000000000000000000000000 44 0000000000000000000000000000000000000000000000000000
0000000000 11 0000 44‗‗‗00000000000000000000000000000 44 0000000000000000000000000000000000000000000000000000
0000000000 11 0000 44‗‗‗00000000000000000000000000000 44 0000000000000000000000000000000000000000000000000000
0000000000 11 0000 44‗‗‗00000000000000000000000000000 44 0000000000000000000000000000000000000000000000000000
0000000000 11 0000 44‗‗‗00000000000000000000000000000 44 0000000000000000000000000000000000000000000000000000
0000000000 11 0000 44‗‗‗00000000000000000000000000000 44 0000000000000000000000000000000000000000000000000000
0000000000 11 0000 44‗‗‗00000000000000000000000000000 44 0000000000000000000000000000000000000000000000000000
0000000000 11 0000 44‗‗‗00000000000000000000000000000 44 0000000000000000000000000000000000000000000000000000
0000000000 11 0000 44‗‗‗00000000000000000000000000000 44 0000000000000000000000000000000000000000000000000000
0000000000 11 0000 44‗‗‗00000000000000000000000000000 44 0000000000000000000000000000000000000000000000000000
0000000000 11 0000 6622200000000000000000000000000000 44 0000000000000000000000000000000000000000000000000000
0000000000 11 000000044400000000000000000000000000000 44 0000000000000000000000000000000000000000000000000000
0000000000011000000004440000000000000000000000000000004400000000000000000000000000000000000000000000000000000
0000000000011000000004440000000000000000000000000000004400000000000000000000000000000000000000000000000000000
0000000000 11 0000000444└000000000000000000000000000004400000000000000000000000000000000000000000000000000000
8888888888888888888888888888888888888888888888888888888888888888888888888888888888888888888888888888888888888                                                          
0000000000000000000000000000000000000000000000000000000000000000000000000000000000000000000000000000000000000
2222222222222222222222222222222222222222222222222222222222222222222222222222222222222222222222222222222222222
000000000000000000000000 11 00000000000000000000000000000000000000000000000 44 000000000000000000000000000000
0000000000000000000000000110000000000000000000000000000000000000000000000000440000000000000000000000000000000
0000000000000000000000000110000000000000000000000000000000000000000000000000440000000000000000000000000000000
000000000000000000000000 11 00000000000000000000000000000000000000000000000 44 000000000000000000000000000000
000000000000000000000000 11 00000000000000000000000000000000000000000000000 44 000000000000000000000000000000
000000000000000000000000 11 00000000000000000000000000000000000000000000000 44 000000000000000000000000000000
000000000000000000000000 11 00000000000000000000000000000000000000000000000 44 000000000000000000000000000000
000000000000000000000000 11 00000000000000000000000000000000000000000000000 44 000000000000000000000000000000
000000000000000000000000 11 00000000000000000000000000000000000000000000000 44 000000000000000000000000000000
000000000000000000000000 11 00000000000000000000000000000000000000000000000 44 000000000000000000000000000000
000000000000000000000000 11 00000000000000000000000000000000000000000000000 44 000000000000000000000000000000
000000000000000000000000 11 00000000000000000000000000000000000000000000000 11 000000000000000000000000000000
